90 100
1 2
2 5
3 7
4 16
4 12
5 11
6 5
7 25
8 20
9 19
10 30
11 15
12 24
13 26
14 28
15 14
16 32
17 17
18 36
19 10
20 40
21 21
22 22
23 25
24 27
25 50
26 13
27 29
28 31
29 33
30 60
31 30
32 34
33 35
34 36
35 18
36 38
37 100
38 39
39 41
40 80
41 20
42 42
43 44
44 45
45 46
46 47
47 48
48 24
49 49
50 120
51 51
52 26
53 100
54 55
55 56
56 57
57 58
58 59
59 60
60 200
61 61
62 62
63 63
64 64
65 65
66 66
67 67
68 1
69 69
70 70
71 71
72 72
73 73
74 74
75 75
76 76
77 77
78 78
79 79
80 160
81 81
82 82
83 83
84 84
85 85
86 86
87 87
88 88
89 89
90 32